0 0.827255 0.552415 0.077897 0.044759
1 0.722649 0.153121 0.288218 0.056537
1 0.722649 0.276796 0.288218 0.044759
1 0.722649 0.382214 0.288218 0.036514
1 0.716411 0.488810 0.205453 0.044759
1 0.684741 0.552415 0.211295 0.044759
1 0.722649 0.693757 0.288218 0.068316
1 0.722649 0.780919 0.288218 0.068316
2 0.262956 0.290931 0.444012 0.101296
3 0.051823 0.772674 0.015579 0.018846
3 0.051823 0.803298 0.015579 0.018846
3 0.059501 0.912839 0.031159 0.018846
3 0.059501 0.943463 0.031159 0.018846
4 0.262956 0.118963 0.444012 0.110718
