0 0.086372 0.147232 0.085686 0.044759
0 0.185701 0.147232 0.108082 0.044759
0 0.286948 0.147232 0.087634 0.044759
0 0.363244 0.147232 0.055501 0.044759
0 0.438100 0.147232 0.088608 0.044759
0 0.084933 0.196702 0.082765 0.044759
0 0.157869 0.196702 0.057449 0.044759
0 0.086372 0.265018 0.085686 0.044759
0 0.185701 0.265018 0.108082 0.044759
0 0.286948 0.265018 0.087634 0.044759
0 0.363244 0.265018 0.055501 0.044759
0 0.438100 0.265018 0.088608 0.044759
0 0.084933 0.314488 0.082765 0.044759
0 0.157869 0.314488 0.057449 0.044759
0 0.086372 0.382803 0.085686 0.044759
0 0.185701 0.382803 0.108082 0.044759
0 0.286948 0.382803 0.087634 0.044759
0 0.363244 0.382803 0.055501 0.044759
0 0.438100 0.382803 0.088608 0.044759
0 0.084933 0.432273 0.082765 0.044759
0 0.086372 0.500589 0.085686 0.044759
0 0.143954 0.500589 0.035054 0.044759
0 0.209213 0.500589 0.087634 0.044759
0 0.268714 0.500589 0.035054 0.044759
0 0.317658 0.500589 0.054528 0.044759
0 0.360845 0.500589 0.035054 0.044759
0 0.423704 0.500589 0.082765 0.044759
0 0.480806 0.500589 0.035054 0.044759
0 0.122361 0.574794 0.158715 0.056537
0 0.272553 0.574794 0.138267 0.044759
0 0.398273 0.575383 0.105161 0.036514
0 0.761996 0.153121 0.366115 0.056537
0 0.761996 0.219081 0.366115 0.056537
0 0.619962 0.425206 0.077897 0.044759
0 0.619962 0.468787 0.077897 0.044759
0 0.619962 0.512367 0.077897 0.044759
0 0.619962 0.555948 0.077897 0.044759
0 0.619962 0.599529 0.077897 0.044759
0 0.619962 0.643110 0.077897 0.044759
0 0.913628 0.425206 0.056475 0.044759
0 0.608445 0.706714 0.054528 0.044759
0 0.672265 0.706714 0.076923 0.044759
0 0.740883 0.706714 0.066212 0.044759
0 0.598848 0.775029 0.035054 0.044759
0 0.632438 0.775029 0.035054 0.044759
0 0.666507 0.775029 0.036027 0.044759
0 0.699616 0.775029 0.035054 0.044759
0 0.741843 0.775029 0.035054 0.044759
0 0.775432 0.775029 0.035054 0.044759
0 0.810461 0.775029 0.036027 0.044759
0 0.852207 0.775029 0.035054 0.044759
