0 0.082054 0.147232 0.076923 0.044759
0 0.169386 0.147232 0.094450 0.044759
0 0.256238 0.147232 0.075949 0.044759
0 0.322457 0.147232 0.050633 0.044759
0 0.390115 0.147232 0.078870 0.044759
0 0.467370 0.147232 0.072055 0.044759
0 0.072937 0.196702 0.058423 0.044759
0 0.131958 0.196702 0.055501 0.044759
0 0.188100 0.196702 0.052580 0.044759
0 0.082054 0.265018 0.076923 0.044759
0 0.169386 0.265018 0.094450 0.044759
0 0.256238 0.265018 0.075949 0.044759
0 0.322457 0.265018 0.050633 0.044759
0 0.390115 0.265018 0.078870 0.044759
0 0.467370 0.265018 0.072055 0.044759
0 0.072937 0.314488 0.058423 0.044759
0 0.131958 0.314488 0.055501 0.044759
0 0.188100 0.314488 0.052580 0.044759
0 0.082054 0.382803 0.076923 0.044759
0 0.169386 0.382803 0.094450 0.044759
0 0.256238 0.382803 0.075949 0.044759
0 0.322457 0.382803 0.050633 0.044759
0 0.390115 0.382803 0.078870 0.044759
0 0.467370 0.382803 0.072055 0.044759
0 0.072937 0.432273 0.058423 0.044759
0 0.131958 0.432273 0.055501 0.044759
0 0.082054 0.500589 0.076923 0.044759
0 0.136276 0.500589 0.035054 0.044759
0 0.194338 0.500589 0.076923 0.044759
0 0.247601 0.500589 0.035054 0.044759
0 0.292706 0.500589 0.050633 0.044759
0 0.333973 0.500589 0.035054 0.044759
0 0.389635 0.500589 0.072055 0.044759
0 0.441459 0.500589 0.035054 0.044759
0 0.111804 0.574794 0.137293 0.056537
0 0.241363 0.574794 0.119766 0.044759
0 0.348369 0.575383 0.091529 0.036514
0 0.761996 0.153121 0.366115 0.056537
0 0.761996 0.219081 0.366115 0.056537
0 0.616123 0.425206 0.070107 0.044759
0 0.616123 0.468787 0.070107 0.044759
0 0.616123 0.512367 0.070107 0.044759
0 0.616123 0.555948 0.070107 0.044759
0 0.616123 0.599529 0.070107 0.044759
0 0.616123 0.643110 0.070107 0.044759
0 0.919386 0.425206 0.044791 0.044759
0 0.606046 0.706714 0.049659 0.044759
0 0.663628 0.706714 0.069133 0.044759
0 0.726488 0.706714 0.060370 0.044759
0 0.597889 0.775029 0.033106 0.044759
0 0.628599 0.775029 0.033106 0.044759
0 0.660269 0.775029 0.033106 0.044759
0 0.691939 0.775029 0.033106 0.044759
0 0.732246 0.775029 0.033106 0.044759
0 0.763916 0.775029 0.033106 0.044759
0 0.795585 0.775029 0.033106 0.044759
0 0.835893 0.775029 0.033106 0.044759
