0 0.185221 0.151943 0.286271 0.061249
0 0.185221 0.214370 0.286271 0.061249
0 0.435701 0.619552 0.031159 0.037691
0 0.300384 0.786808 0.128530 0.044759
0 0.407869 0.786808 0.072055 0.044759
0 0.534549 0.567727 0.060370 0.044759
0 0.596449 0.567727 0.059396 0.044759
0 0.670825 0.567727 0.083739 0.044759
0 0.750960 0.567727 0.069133 0.044759
0 0.534549 0.745583 0.060370 0.044759
0 0.596449 0.745583 0.059396 0.044759
0 0.670825 0.745583 0.083739 0.044759
0 0.750960 0.745583 0.069133 0.044759
0 0.823896 0.924028 0.020448 0.024735
