0 0.086852 0.181390 0.086660 0.044759
0 0.185701 0.181390 0.106134 0.044759
0 0.286948 0.181390 0.091529 0.044759
0 0.365643 0.181390 0.060370 0.044759
0 0.443858 0.181390 0.090555 0.044759
0 0.084933 0.230860 0.082765 0.044759
0 0.161708 0.230860 0.067186 0.044759
0 0.231766 0.230860 0.065239 0.044759
0 0.297985 0.230860 0.061344 0.044759
0 0.086852 0.299176 0.086660 0.044759
0 0.185701 0.299176 0.106134 0.044759
0 0.286948 0.299176 0.091529 0.044759
0 0.365643 0.299176 0.060370 0.044759
0 0.443858 0.299176 0.090555 0.044759
0 0.084933 0.348645 0.082765 0.044759
0 0.161708 0.348645 0.067186 0.044759
0 0.231766 0.348645 0.065239 0.044759
0 0.297985 0.348645 0.061344 0.044759
0 0.086852 0.416961 0.086660 0.044759
0 0.185701 0.416961 0.106134 0.044759
0 0.286948 0.416961 0.091529 0.044759
0 0.365643 0.416961 0.060370 0.044759
0 0.443858 0.416961 0.090555 0.044759
0 0.084933 0.466431 0.082765 0.044759
0 0.161708 0.466431 0.067186 0.044759
0 0.231766 0.466431 0.065239 0.044759
0 0.086852 0.534747 0.086660 0.044759
0 0.149712 0.534747 0.042843 0.044759
0 0.218810 0.534747 0.091529 0.044759
0 0.284069 0.534747 0.042843 0.044759
0 0.338772 0.534747 0.060370 0.044759
0 0.388676 0.534747 0.042843 0.044759
0 0.453455 0.534747 0.082765 0.044759
0 0.514395 0.534747 0.042843 0.044759
0 0.114683 0.608952 0.143135 0.056537
0 0.252879 0.608952 0.131451 0.044759
0 0.367562 0.608363 0.093476 0.036514
0 0.761996 0.187279 0.366115 0.056537
0 0.761996 0.253239 0.366115 0.056537
0 0.620441 0.459364 0.078870 0.044759
0 0.620441 0.502945 0.078870 0.044759
0 0.620441 0.546525 0.078870 0.044759
0 0.620441 0.590106 0.078870 0.044759
0 0.620441 0.633687 0.078870 0.044759
0 0.620441 0.677267 0.078870 0.044759
0 0.915547 0.459364 0.052580 0.044759
0 0.611324 0.740872 0.060370 0.044759
0 0.678503 0.740872 0.079844 0.044759
0 0.751919 0.740872 0.069133 0.044759
0 0.602207 0.809187 0.041870 0.044759
0 0.641555 0.809187 0.041870 0.044759
0 0.681862 0.809187 0.041870 0.044759
0 0.722169 0.809187 0.041870 0.044759
0 0.771113 0.809187 0.041870 0.044759
0 0.811420 0.809187 0.041870 0.044759
0 0.851727 0.809187 0.041870 0.044759
0 0.900672 0.809187 0.041870 0.044759
