0 0.825816 0.638398 0.078870 0.044759
1 0.722649 0.091873 0.288218 0.042403
1 0.722649 0.252061 0.288218 0.054181
1 0.722649 0.371025 0.288218 0.042403
1 0.722649 0.471731 0.288218 0.034158
1 0.716411 0.575972 0.195716 0.042403
1 0.683781 0.638398 0.209348 0.044759
1 0.722649 0.778563 0.288218 0.065960
1 0.722649 0.863369 0.288218 0.065960
2 0.262956 0.414605 0.444012 0.098940
3 0.051823 0.864547 0.015579 0.018846
3 0.051823 0.895171 0.015579 0.018846
4 0.262956 0.103651 0.444012 0.042403
4 0.262956 0.244994 0.444012 0.108363
