0 0.083493 0.213192 0.079844 0.044759
0 0.173704 0.213192 0.097371 0.044759
0 0.263436 0.213192 0.078870 0.044759
0 0.330134 0.213192 0.052580 0.044759
0 0.401152 0.213192 0.083739 0.044759
0 0.483205 0.213192 0.076923 0.044759
0 0.073417 0.262662 0.059396 0.044759
0 0.134837 0.262662 0.059396 0.044759
0 0.193378 0.262662 0.053554 0.044759
0 0.083493 0.330978 0.079844 0.044759
0 0.173704 0.330978 0.097371 0.044759
0 0.263436 0.330978 0.078870 0.044759
0 0.330134 0.330978 0.052580 0.044759
0 0.401152 0.330978 0.083739 0.044759
0 0.483205 0.330978 0.076923 0.044759
0 0.073417 0.380448 0.059396 0.044759
0 0.134837 0.380448 0.059396 0.044759
0 0.193378 0.380448 0.053554 0.044759
0 0.083493 0.448763 0.079844 0.044759
0 0.173704 0.448763 0.097371 0.044759
0 0.263436 0.448763 0.078870 0.044759
0 0.330134 0.448763 0.052580 0.044759
0 0.401152 0.448763 0.083739 0.044759
0 0.483205 0.448763 0.076923 0.044759
0 0.073417 0.498233 0.059396 0.044759
0 0.134837 0.498233 0.059396 0.044759
0 0.083493 0.566549 0.079844 0.044759
0 0.139155 0.566549 0.035054 0.044759
0 0.197217 0.566549 0.078870 0.044759
0 0.252399 0.566549 0.035054 0.044759
0 0.298464 0.566549 0.052580 0.044759
0 0.340691 0.566549 0.035054 0.044759
0 0.397313 0.566549 0.075949 0.044759
0 0.452015 0.566549 0.035054 0.044759
0 0.114683 0.640754 0.143135 0.056537
0 0.249040 0.640754 0.125609 0.044759
0 0.360845 0.641343 0.093476 0.036514
0 0.761996 0.219081 0.366115 0.056537
0 0.761996 0.285041 0.366115 0.056537
0 0.919386 0.422850 0.046738 0.044759
0 0.617562 0.491166 0.073028 0.044759
0 0.617562 0.534747 0.073028 0.044759
0 0.617562 0.578327 0.073028 0.044759
0 0.617562 0.621908 0.073028 0.044759
0 0.617562 0.665489 0.073028 0.044759
0 0.617562 0.709069 0.073028 0.044759
0 0.607486 0.772674 0.052580 0.044759
0 0.667466 0.772674 0.073028 0.044759
0 0.732726 0.772674 0.061344 0.044759
0 0.598369 0.840989 0.034080 0.044759
0 0.631478 0.840989 0.035054 0.044759
0 0.663628 0.840989 0.034080 0.044759
0 0.696257 0.840989 0.034080 0.044759
0 0.738484 0.840989 0.034080 0.044759
0 0.771593 0.840989 0.035054 0.044759
0 0.803743 0.840989 0.034080 0.044759
0 0.845010 0.840989 0.034080 0.044759
