0 0.083973 0.143698 0.080818 0.044759
0 0.176583 0.143698 0.097371 0.044759
0 0.269674 0.143698 0.083739 0.044759
0 0.343090 0.143698 0.055501 0.044759
0 0.416027 0.143698 0.082765 0.044759
0 0.500480 0.143698 0.076923 0.044759
0 0.075816 0.193168 0.064265 0.044759
0 0.141555 0.193168 0.061344 0.044759
0 0.206334 0.193168 0.058423 0.044759
0 0.083973 0.261484 0.080818 0.044759
0 0.176583 0.261484 0.097371 0.044759
0 0.269674 0.261484 0.083739 0.044759
0 0.343090 0.261484 0.055501 0.044759
0 0.416027 0.261484 0.082765 0.044759
0 0.500480 0.261484 0.076923 0.044759
0 0.075816 0.310954 0.064265 0.044759
0 0.141555 0.310954 0.061344 0.044759
0 0.206334 0.310954 0.058423 0.044759
0 0.083973 0.379270 0.080818 0.044759
0 0.176583 0.379270 0.097371 0.044759
0 0.269674 0.379270 0.083739 0.044759
0 0.343090 0.379270 0.055501 0.044759
0 0.416027 0.379270 0.082765 0.044759
0 0.500480 0.379270 0.076923 0.044759
0 0.075816 0.428740 0.064265 0.044759
0 0.141555 0.428740 0.061344 0.044759
0 0.083973 0.497055 0.080818 0.044759
0 0.143954 0.497055 0.042843 0.044759
0 0.211132 0.497055 0.083739 0.044759
0 0.271593 0.497055 0.042843 0.044759
0 0.324856 0.497055 0.055501 0.044759
0 0.372361 0.497055 0.042843 0.044759
0 0.436180 0.497055 0.076923 0.044759
0 0.494242 0.497055 0.042843 0.044759
0 0.108445 0.571260 0.130477 0.056537
0 0.237044 0.571260 0.120740 0.044759
0 0.342131 0.570671 0.084713 0.036514
0 0.761996 0.149588 0.366115 0.056537
0 0.761996 0.215548 0.366115 0.056537
0 0.618042 0.421673 0.074002 0.044759
0 0.618042 0.465253 0.074002 0.044759
0 0.618042 0.508834 0.074002 0.044759
0 0.618042 0.552415 0.074002 0.044759
0 0.618042 0.595995 0.074002 0.044759
0 0.618042 0.639576 0.074002 0.044759
0 0.915547 0.421673 0.052580 0.044759
0 0.609885 0.703180 0.057449 0.044759
0 0.672265 0.703180 0.073028 0.044759
0 0.739443 0.703180 0.065239 0.044759
0 0.601248 0.771496 0.039922 0.044759
0 0.640595 0.771496 0.041870 0.044759
0 0.681382 0.771496 0.042843 0.044759
0 0.721689 0.771496 0.042843 0.044759
0 0.770633 0.771496 0.040896 0.044759
0 0.811420 0.771496 0.041870 0.044759
0 0.851248 0.771496 0.040896 0.044759
0 0.899232 0.771496 0.042843 0.044759
