0 0.084933 0.186690 0.082765 0.045936
0 0.179463 0.186690 0.101266 0.045936
0 0.277351 0.186690 0.087634 0.045936
0 0.353167 0.186690 0.058423 0.045936
0 0.429463 0.186690 0.086660 0.045936
0 0.516795 0.186690 0.080818 0.045936
0 0.076775 0.237338 0.066212 0.045936
0 0.144434 0.237338 0.065239 0.045936
0 0.211612 0.237338 0.061344 0.045936
0 0.084933 0.306832 0.082765 0.045936
0 0.179463 0.306832 0.101266 0.045936
0 0.277351 0.306832 0.087634 0.045936
0 0.353167 0.306832 0.058423 0.045936
0 0.429463 0.306832 0.086660 0.045936
0 0.516795 0.306832 0.080818 0.045936
0 0.076775 0.357479 0.066212 0.045936
0 0.144434 0.357479 0.065239 0.045936
0 0.211612 0.357479 0.061344 0.045936
0 0.084933 0.426973 0.082765 0.045936
0 0.179463 0.426973 0.101266 0.045936
0 0.277351 0.426973 0.087634 0.045936
0 0.353167 0.426973 0.058423 0.045936
0 0.429463 0.426973 0.086660 0.045936
0 0.516795 0.426973 0.080818 0.045936
0 0.076775 0.477621 0.066212 0.045936
0 0.144434 0.477621 0.065239 0.045936
0 0.084933 0.547114 0.082765 0.045936
0 0.146833 0.547114 0.044791 0.045936
0 0.215931 0.547114 0.087634 0.045936
0 0.280230 0.547114 0.044791 0.045936
0 0.336372 0.547114 0.059396 0.045936
0 0.385797 0.547114 0.044791 0.045936
0 0.452495 0.547114 0.080818 0.045936
0 0.513436 0.547114 0.044791 0.045936
0 0.119002 0.623086 0.151899 0.058893
0 0.258157 0.622497 0.120740 0.045936
0 0.360365 0.623086 0.076923 0.030624
0 0.761996 0.193168 0.366115 0.058893
0 0.761996 0.261484 0.366115 0.058893
0 0.619002 0.471731 0.075949 0.045936
0 0.619002 0.516490 0.075949 0.045936
0 0.619002 0.561249 0.075949 0.045936
0 0.619002 0.606007 0.075949 0.045936
0 0.619002 0.650766 0.075949 0.045936
0 0.619002 0.695524 0.075949 0.045936
0 0.610845 0.760306 0.059396 0.045936
0 0.675624 0.760306 0.075949 0.045936
0 0.745681 0.760306 0.068160 0.045936
0 0.603167 0.829800 0.043817 0.045936
0 0.644434 0.829800 0.043817 0.045936
0 0.686660 0.829800 0.043817 0.045936
0 0.728887 0.829800 0.043817 0.045936
0 0.779750 0.829800 0.043817 0.045936
0 0.821977 0.829800 0.043817 0.045936
0 0.864203 0.829800 0.043817 0.045936
0 0.915067 0.829800 0.043817 0.045936
