0 0.185221 0.218492 0.286271 0.062426
0 0.185221 0.282097 0.286271 0.062426
0 0.434261 0.678445 0.032132 0.040047
0 0.305182 0.847468 0.122687 0.045936
0 0.408349 0.847468 0.071081 0.045936
0 0.534069 0.629564 0.059396 0.045936
0 0.595969 0.629564 0.058423 0.045936
0 0.668906 0.629564 0.079844 0.045936
0 0.745202 0.629564 0.067186 0.045936
0 0.534069 0.793286 0.059396 0.045936
0 0.595969 0.793286 0.058423 0.045936
0 0.668906 0.793286 0.079844 0.045936
0 0.745202 0.793286 0.067186 0.045936
0 0.823896 0.957008 0.020448 0.024735
