0 0.087332 0.162544 0.087634 0.047114
0 0.185701 0.162544 0.108082 0.047114
0 0.285988 0.162544 0.087634 0.047114
0 0.361324 0.162544 0.059396 0.047114
0 0.437620 0.162544 0.091529 0.047114
0 0.084933 0.214370 0.082765 0.047114
0 0.160749 0.214370 0.067186 0.047114
0 0.228887 0.214370 0.063291 0.047114
0 0.290787 0.214370 0.056475 0.047114
0 0.087332 0.285041 0.087634 0.047114
0 0.185701 0.285041 0.108082 0.047114
0 0.285988 0.285041 0.087634 0.047114
0 0.361324 0.285041 0.059396 0.047114
0 0.437620 0.285041 0.091529 0.047114
0 0.084933 0.336867 0.082765 0.047114
0 0.160749 0.336867 0.067186 0.047114
0 0.228887 0.336867 0.063291 0.047114
0 0.290787 0.336867 0.056475 0.047114
0 0.087332 0.408127 0.087634 0.048292
0 0.185701 0.408127 0.108082 0.048292
0 0.285988 0.408127 0.087634 0.048292
0 0.361324 0.408127 0.059396 0.048292
0 0.437620 0.408127 0.091529 0.048292
0 0.084933 0.461131 0.082765 0.048292
0 0.160749 0.461131 0.067186 0.048292
0 0.228887 0.461131 0.063291 0.048292
0 0.087332 0.532391 0.087634 0.047114
0 0.145873 0.532391 0.035054 0.047114
0 0.209213 0.532391 0.087634 0.047114
0 0.268714 0.532391 0.035054 0.047114
0 0.317179 0.532391 0.059396 0.047114
0 0.362764 0.532391 0.035054 0.047114
0 0.423704 0.532391 0.082765 0.047114
0 0.479846 0.532391 0.035054 0.047114
0 0.125720 0.608952 0.165531 0.058893
0 0.281190 0.608952 0.146056 0.047114
0 0.411708 0.609541 0.111003 0.038869
0 0.761996 0.168433 0.366115 0.058893
0 0.761996 0.236749 0.366115 0.058893
0 0.622361 0.451708 0.082765 0.045936
0 0.622361 0.497055 0.082765 0.047114
0 0.622361 0.542992 0.082765 0.047114
0 0.622361 0.588928 0.082765 0.047114
0 0.622361 0.634865 0.082765 0.047114
0 0.622361 0.680801 0.082765 0.047114
0 0.919386 0.451119 0.044791 0.047114
0 0.610365 0.746761 0.058423 0.047114
0 0.677063 0.746761 0.078870 0.047114
0 0.747601 0.746761 0.068160 0.047114
0 0.597889 0.817432 0.033106 0.047114
0 0.630038 0.817432 0.034080 0.047114
0 0.661228 0.817432 0.033106 0.047114
0 0.694338 0.817432 0.034080 0.047114
0 0.734165 0.817432 0.033106 0.047114
0 0.767274 0.817432 0.034080 0.047114
0 0.798464 0.817432 0.033106 0.047114
0 0.839731 0.817432 0.033106 0.047114
