0 0.823896 0.572438 0.082765 0.047114
1 0.722649 0.171967 0.288218 0.056537
1 0.722649 0.295642 0.288218 0.044759
1 0.722649 0.401060 0.288218 0.036514
1 0.716891 0.507656 0.212269 0.044759
1 0.682342 0.572438 0.206426 0.047114
1 0.722649 0.714959 0.288218 0.068316
1 0.722649 0.802120 0.288218 0.068316
2 0.262956 0.339223 0.444012 0.101296
3 0.051823 0.792697 0.015579 0.018846
3 0.051823 0.823322 0.015579 0.018846
3 0.059501 0.932862 0.031159 0.018846
3 0.059501 0.963486 0.031159 0.018846
4 0.262956 0.164900 0.444012 0.115430
