0 0.096929 0.286219 0.107108 0.056537
0 0.218330 0.286219 0.129503 0.056537
0 0.341171 0.286219 0.108082 0.056537
0 0.437620 0.286219 0.077897 0.056537
0 0.100288 0.347468 0.113924 0.056537
0 0.212572 0.347468 0.104187 0.056537
0 0.311420 0.347468 0.086660 0.056537
0 0.400672 0.347468 0.084713 0.056537
0 0.484645 0.347468 0.075949 0.056537
0 0.096929 0.427562 0.107108 0.056537
0 0.218330 0.427562 0.129503 0.056537
0 0.341171 0.427562 0.108082 0.056537
0 0.437620 0.427562 0.077897 0.056537
0 0.100288 0.488810 0.113924 0.056537
0 0.212572 0.488810 0.104187 0.056537
0 0.311420 0.488810 0.086660 0.056537
0 0.400672 0.488810 0.084713 0.056537
0 0.484645 0.488810 0.075949 0.056537
0 0.098848 0.571260 0.111003 0.061249
0 0.224088 0.571260 0.133398 0.061249
0 0.350768 0.571260 0.111977 0.061249
0 0.451056 0.571260 0.081792 0.061249
0 0.102207 0.637220 0.117819 0.061249
0 0.218330 0.637220 0.108082 0.061249
0 0.321017 0.637220 0.090555 0.061249
0 0.414107 0.637220 0.088608 0.061249
0 0.096929 0.719670 0.107108 0.056537
0 0.176583 0.719670 0.054528 0.056537
0 0.261516 0.719670 0.108082 0.056537
0 0.342610 0.719670 0.054528 0.056537
0 0.413148 0.719670 0.078870 0.056537
0 0.478887 0.719670 0.054528 0.056537
0 0.095489 0.780919 0.104187 0.056537
0 0.172745 0.780919 0.054528 0.056537
0 0.126200 0.884570 0.166504 0.103651
0 0.294626 0.884570 0.165531 0.056537
0 0.433781 0.884570 0.107108 0.047114
0 0.761996 0.309776 0.366115 0.103651
0 0.761996 0.422850 0.366115 0.103651
0 0.908829 0.286219 0.066212 0.056537
0 0.632438 0.714959 0.103213 0.056537
0 0.632438 0.771496 0.103213 0.056537
0 0.632438 0.828033 0.103213 0.056537
0 0.632438 0.884570 0.103213 0.056537
0 0.632438 0.941107 0.103213 0.056537
