0 0.092610 0.272085 0.098345 0.058893
0 0.203455 0.272085 0.120740 0.058893
0 0.315259 0.272085 0.098345 0.058893
0 0.401631 0.272085 0.067186 0.058893
0 0.487524 0.272085 0.101266 0.058893
0 0.089731 0.335100 0.092502 0.057715
0 0.175144 0.335100 0.074976 0.057715
0 0.250960 0.335100 0.071081 0.057715
0 0.321977 0.335100 0.065239 0.057715
0 0.092610 0.416961 0.098345 0.058893
0 0.203455 0.416961 0.120740 0.058893
0 0.315259 0.416961 0.098345 0.058893
0 0.401631 0.416961 0.067186 0.058893
0 0.487524 0.416961 0.101266 0.058893
0 0.089731 0.479976 0.092502 0.057715
0 0.175144 0.479976 0.074976 0.057715
0 0.250960 0.479976 0.071081 0.057715
0 0.321977 0.479976 0.065239 0.057715
0 0.092610 0.561837 0.098345 0.058893
0 0.203455 0.561837 0.120740 0.058893
0 0.315259 0.561837 0.098345 0.058893
0 0.401631 0.561837 0.067186 0.058893
0 0.487524 0.561837 0.101266 0.058893
0 0.089731 0.624853 0.092502 0.057715
0 0.175144 0.624853 0.074976 0.057715
0 0.250960 0.624853 0.071081 0.057715
0 0.092610 0.707892 0.098345 0.058893
0 0.159309 0.707892 0.038948 0.058893
0 0.230806 0.707892 0.098345 0.058893
0 0.299424 0.707892 0.038948 0.058893
0 0.355086 0.707892 0.066212 0.058893
0 0.406910 0.707892 0.038948 0.058893
0 0.089731 0.770318 0.092502 0.058893
0 0.153551 0.770318 0.038948 0.058893
0 0.129079 0.852768 0.172347 0.054181
0 0.294626 0.852768 0.157741 0.058893
0 0.434741 0.852179 0.116845 0.034158
0 0.761996 0.269729 0.366115 0.054181
0 0.761996 0.333333 0.366115 0.054181
0 0.916987 0.408716 0.051607 0.058893
0 0.626679 0.600707 0.091529 0.058893
0 0.626679 0.659011 0.091529 0.057715
0 0.626679 0.717314 0.091529 0.058893
0 0.626679 0.775618 0.091529 0.057715
0 0.626679 0.835100 0.091529 0.058893
0 0.626679 0.892815 0.091529 0.058893
0 0.614683 0.970554 0.067186 0.058893
0 0.689539 0.970554 0.086660 0.058893
0 0.771113 0.970554 0.076923 0.058893
