0 0.086852 0.147232 0.086660 0.044759
0 0.187140 0.147232 0.107108 0.044759
0 0.288388 0.147232 0.086660 0.044759
0 0.364203 0.147232 0.055501 0.044759
0 0.442418 0.147232 0.093476 0.044759
0 0.085893 0.196702 0.084713 0.044759
0 0.164107 0.196702 0.066212 0.044759
0 0.232246 0.196702 0.062317 0.044759
0 0.297985 0.196702 0.059396 0.044759
0 0.086852 0.265018 0.086660 0.044759
0 0.187140 0.265018 0.107108 0.044759
0 0.288388 0.265018 0.086660 0.044759
0 0.364203 0.265018 0.055501 0.044759
0 0.442418 0.265018 0.093476 0.044759
0 0.085893 0.314488 0.084713 0.044759
0 0.164107 0.314488 0.066212 0.044759
0 0.232246 0.314488 0.062317 0.044759
0 0.297985 0.314488 0.059396 0.044759
0 0.086852 0.382803 0.086660 0.044759
0 0.187140 0.382803 0.107108 0.044759
0 0.288388 0.382803 0.086660 0.044759
0 0.364203 0.382803 0.055501 0.044759
0 0.442418 0.382803 0.093476 0.044759
0 0.085893 0.432273 0.084713 0.044759
0 0.164107 0.432273 0.066212 0.044759
0 0.232246 0.432273 0.062317 0.044759
0 0.086852 0.500589 0.086660 0.044759
0 0.145873 0.500589 0.035054 0.044759
0 0.211132 0.500589 0.087634 0.044759
0 0.269674 0.500589 0.035054 0.044759
0 0.319098 0.500589 0.055501 0.044759
0 0.362764 0.500589 0.035054 0.044759
0 0.426583 0.500589 0.084713 0.044759
0 0.483685 0.500589 0.035054 0.044759
0 0.123321 0.574794 0.160662 0.056537
0 0.276871 0.574794 0.141188 0.044759
0 0.402591 0.575383 0.106134 0.036514
0 0.761996 0.153121 0.366115 0.056537
0 0.761996 0.219081 0.366115 0.056537
0 0.620921 0.425206 0.079844 0.044759
0 0.620921 0.468787 0.079844 0.044759
0 0.620921 0.512367 0.079844 0.044759
0 0.620921 0.555948 0.079844 0.044759
0 0.620921 0.599529 0.079844 0.044759
0 0.620921 0.643110 0.079844 0.044759
0 0.918426 0.425206 0.048685 0.044759
0 0.608925 0.706714 0.055501 0.044759
0 0.673225 0.706714 0.078870 0.044759
0 0.745681 0.706714 0.068160 0.044759
0 0.596929 0.775029 0.031159 0.044759
0 0.627159 0.775029 0.034080 0.044759
0 0.659789 0.775029 0.034080 0.044759
0 0.692898 0.775029 0.035054 0.044759
0 0.735605 0.775029 0.034080 0.044759
0 0.768714 0.775029 0.035054 0.044759
0 0.801823 0.775029 0.034080 0.044759
0 0.843570 0.775029 0.035054 0.044759
