0 0.094530 0.214370 0.102240 0.065960
0 0.208733 0.214370 0.121714 0.065960
0 0.323417 0.214370 0.103213 0.065960
0 0.414587 0.214370 0.074002 0.065960
0 0.097409 0.285041 0.108082 0.065960
0 0.203455 0.285041 0.099318 0.065960
0 0.297505 0.285041 0.083739 0.065960
0 0.381478 0.285041 0.080818 0.065960
0 0.462572 0.285041 0.075949 0.065960
0 0.094530 0.374558 0.102240 0.065960
0 0.208733 0.374558 0.121714 0.065960
0 0.323417 0.374558 0.103213 0.065960
0 0.414587 0.374558 0.074002 0.065960
0 0.097409 0.445230 0.108082 0.065960
0 0.203455 0.445230 0.099318 0.065960
0 0.297505 0.445230 0.083739 0.065960
0 0.381478 0.445230 0.080818 0.065960
0 0.462572 0.445230 0.075949 0.065960
0 0.094530 0.534747 0.102240 0.065960
0 0.208733 0.534747 0.121714 0.065960
0 0.323417 0.534747 0.103213 0.065960
0 0.414587 0.534747 0.074002 0.065960
0 0.097409 0.605418 0.108082 0.065960
0 0.203455 0.605418 0.099318 0.065960
0 0.297505 0.605418 0.083739 0.065960
0 0.381478 0.605418 0.080818 0.065960
0 0.094530 0.694935 0.102240 0.065960
0 0.173225 0.694935 0.057449 0.065960
0 0.255278 0.694935 0.103213 0.065960
0 0.334453 0.694935 0.057449 0.065960
0 0.403071 0.694935 0.074002 0.065960
0 0.467850 0.694935 0.057449 0.065960
0 0.093090 0.765607 0.099318 0.065960
0 0.169386 0.765607 0.057449 0.065960
0 0.134837 0.868080 0.184031 0.091873
0 0.303743 0.868080 0.150925 0.065960
0 0.429463 0.868669 0.096397 0.034158
0 0.761996 0.227326 0.366115 0.091873
0 0.761996 0.328622 0.366115 0.091873
0 0.907869 0.426384 0.070107 0.065960
0 0.628599 0.633687 0.095424 0.065960
0 0.628599 0.700236 0.095424 0.067138
0 0.628599 0.767373 0.095424 0.067138
0 0.628599 0.834511 0.095424 0.067138
0 0.628599 0.901649 0.095424 0.067138
