0 0.086372 0.226148 0.085686 0.044759
0 0.185701 0.226148 0.108082 0.044759
0 0.286948 0.226148 0.087634 0.044759
0 0.363244 0.226148 0.055501 0.044759
0 0.438100 0.226148 0.088608 0.044759
0 0.084933 0.275618 0.082765 0.044759
0 0.161228 0.275618 0.064265 0.044759
0 0.228407 0.275618 0.062317 0.044759
0 0.293186 0.275618 0.057449 0.044759
0 0.086372 0.343934 0.085686 0.044759
0 0.185701 0.343934 0.108082 0.044759
0 0.286948 0.343934 0.087634 0.044759
0 0.363244 0.343934 0.055501 0.044759
0 0.438100 0.343934 0.088608 0.044759
0 0.084933 0.393404 0.082765 0.044759
0 0.161228 0.393404 0.064265 0.044759
0 0.228407 0.393404 0.062317 0.044759
0 0.293186 0.393404 0.057449 0.044759
0 0.086372 0.461720 0.085686 0.044759
0 0.185701 0.461720 0.108082 0.044759
0 0.286948 0.461720 0.087634 0.044759
0 0.363244 0.461720 0.055501 0.044759
0 0.438100 0.461720 0.088608 0.044759
0 0.084933 0.511190 0.082765 0.044759
0 0.161228 0.511190 0.064265 0.044759
0 0.228407 0.511190 0.062317 0.044759
0 0.086372 0.579505 0.085686 0.044759
0 0.143954 0.579505 0.035054 0.044759
0 0.209213 0.579505 0.087634 0.044759
0 0.268714 0.579505 0.035054 0.044759
0 0.317658 0.579505 0.054528 0.044759
0 0.360845 0.579505 0.035054 0.044759
0 0.423704 0.579505 0.082765 0.044759
0 0.480806 0.579505 0.035054 0.044759
0 0.122361 0.653710 0.158715 0.056537
0 0.272553 0.653710 0.138267 0.044759
0 0.398273 0.654299 0.105161 0.036514
0 0.761996 0.232038 0.366115 0.056537
0 0.761996 0.297998 0.366115 0.056537
0 0.913628 0.435807 0.056475 0.044759
0 0.619962 0.504122 0.077897 0.044759
0 0.619962 0.547703 0.077897 0.044759
0 0.619962 0.591284 0.077897 0.044759
0 0.619962 0.634865 0.077897 0.044759
0 0.619962 0.678445 0.077897 0.044759
0 0.619962 0.722026 0.077897 0.044759
0 0.608445 0.785630 0.054528 0.044759
0 0.672265 0.785630 0.076923 0.044759
0 0.740883 0.785630 0.066212 0.044759
0 0.598848 0.853946 0.035054 0.044759
0 0.632438 0.853946 0.035054 0.044759
0 0.666507 0.853946 0.036027 0.044759
0 0.699616 0.853946 0.035054 0.044759
0 0.741843 0.853946 0.035054 0.044759
0 0.775432 0.853946 0.035054 0.044759
0 0.810461 0.853946 0.036027 0.044759
0 0.852207 0.853946 0.035054 0.044759
