0 0.185221 0.098940 0.286271 0.061249
0 0.435701 0.480565 0.031159 0.037691
0 0.303263 0.645465 0.134372 0.044759
0 0.409309 0.645465 0.067186 0.044759
0 0.531670 0.432273 0.054528 0.044759
0 0.588772 0.432273 0.051607 0.044759
0 0.659789 0.432273 0.082765 0.044759
0 0.738004 0.432273 0.066212 0.044759
0 0.913628 0.432273 0.056475 0.044759
0 0.531670 0.590106 0.054528 0.044759
0 0.588772 0.590106 0.051607 0.044759
0 0.659789 0.590106 0.082765 0.044759
0 0.738004 0.590106 0.066212 0.044759
0 0.823896 0.748528 0.020448 0.024735
