0 0.097889 0.274441 0.109056 0.058893
0 0.219290 0.274441 0.129503 0.056537
0 0.342610 0.274441 0.111003 0.058893
0 0.441939 0.274441 0.078870 0.058893
0 0.099808 0.338045 0.112950 0.058893
0 0.211612 0.338045 0.106134 0.058893
0 0.311900 0.338045 0.087634 0.058893
0 0.402111 0.338045 0.085686 0.058893
0 0.488964 0.338045 0.080818 0.058893
0 0.097889 0.420495 0.109056 0.058893
0 0.219290 0.420495 0.129503 0.056537
0 0.342610 0.420495 0.111003 0.058893
0 0.441939 0.420495 0.078870 0.058893
0 0.099808 0.484099 0.112950 0.058893
0 0.211612 0.484099 0.106134 0.058893
0 0.311900 0.484099 0.087634 0.058893
0 0.402111 0.484099 0.085686 0.058893
0 0.488964 0.484099 0.080818 0.058893
0 0.097889 0.566549 0.109056 0.058893
0 0.220250 0.566549 0.131451 0.058893
0 0.344530 0.566549 0.111003 0.058893
0 0.443858 0.566549 0.078870 0.058893
0 0.099808 0.630153 0.112950 0.058893
0 0.211612 0.630153 0.106134 0.058893
0 0.311900 0.630153 0.087634 0.058893
0 0.402111 0.630153 0.085686 0.058893
0 0.097889 0.712603 0.109056 0.058893
0 0.179463 0.712603 0.058423 0.058893
0 0.267754 0.712603 0.111003 0.058893
0 0.351248 0.712603 0.058423 0.058893
0 0.423225 0.712603 0.077897 0.058893
0 0.490403 0.712603 0.058423 0.058893
0 0.096449 0.776207 0.106134 0.058893
0 0.176583 0.776207 0.058423 0.058893
0 0.122361 0.858657 0.158715 0.056537
0 0.284069 0.858657 0.161636 0.058893
0 0.421305 0.858068 0.105161 0.036514
0 0.761996 0.273263 0.366115 0.056537
0 0.761996 0.348645 0.366115 0.056537
0 0.902111 0.425206 0.079844 0.058893
0 0.631478 0.656066 0.101266 0.058893
0 0.631478 0.714959 0.101266 0.058893
0 0.631478 0.773852 0.101266 0.058893
0 0.631478 0.832744 0.101266 0.058893
0 0.631478 0.891637 0.101266 0.058893
0 0.631478 0.950530 0.101266 0.058893
