0 0.083493 0.146054 0.079844 0.042403
0 0.174184 0.146054 0.098345 0.042403
0 0.265835 0.146054 0.079844 0.042403
0 0.335413 0.146054 0.053554 0.042403
0 0.406430 0.146054 0.082765 0.042403
0 0.487524 0.146054 0.074002 0.042403
0 0.074376 0.193168 0.061344 0.042403
0 0.136276 0.193168 0.058423 0.042403
0 0.193858 0.193168 0.052580 0.042403
0 0.083493 0.259128 0.079844 0.042403
0 0.174184 0.259128 0.098345 0.042403
0 0.265835 0.259128 0.079844 0.042403
0 0.335413 0.259128 0.053554 0.042403
0 0.406430 0.259128 0.082765 0.042403
0 0.487524 0.259128 0.074002 0.042403
0 0.074376 0.306243 0.061344 0.042403
0 0.136276 0.306243 0.058423 0.042403
0 0.193858 0.306243 0.052580 0.042403
0 0.083493 0.372203 0.079844 0.042403
0 0.174184 0.372203 0.098345 0.042403
0 0.265835 0.372203 0.079844 0.042403
0 0.335413 0.372203 0.053554 0.042403
0 0.406430 0.372203 0.082765 0.042403
0 0.487524 0.372203 0.074002 0.042403
0 0.074376 0.419317 0.061344 0.042403
0 0.136276 0.419317 0.058423 0.042403
0 0.083493 0.485277 0.079844 0.042403
0 0.137236 0.485277 0.033106 0.042403
0 0.196737 0.485277 0.079844 0.042403
0 0.252399 0.485277 0.033106 0.042403
0 0.297985 0.485277 0.053554 0.042403
0 0.339731 0.485277 0.033106 0.042403
0 0.396833 0.485277 0.074976 0.042403
0 0.449136 0.485277 0.033106 0.042403
0 0.105566 0.553592 0.124635 0.047114
0 0.233205 0.553592 0.128530 0.042403
0 0.355086 0.553592 0.111003 0.037691
0 0.761996 0.148410 0.366115 0.047114
0 0.761996 0.204947 0.366115 0.047114
0 0.618522 0.400471 0.074976 0.042403
0 0.618522 0.441696 0.074976 0.042403
0 0.618522 0.482921 0.074976 0.042403
0 0.618522 0.524146 0.074976 0.042403
0 0.618522 0.565371 0.074976 0.042403
0 0.618522 0.606596 0.074976 0.042403
0 0.921785 0.400471 0.041870 0.042403
0 0.608445 0.667845 0.054528 0.042403
0 0.667946 0.667845 0.070107 0.042403
0 0.732246 0.667845 0.062317 0.042403
0 0.597409 0.733804 0.032132 0.042403
0 0.628599 0.733804 0.033106 0.042403
0 0.658829 0.733804 0.032132 0.042403
0 0.690979 0.733804 0.033106 0.042403
0 0.729846 0.733804 0.032132 0.042403
0 0.761036 0.733804 0.033106 0.042403
0 0.792226 0.733804 0.032132 0.042403
0 0.831574 0.733804 0.032132 0.042403
