0 0.084453 0.199058 0.081792 0.044759
0 0.178503 0.199058 0.101266 0.044759
0 0.272553 0.199058 0.081792 0.044759
0 0.344050 0.199058 0.053554 0.044759
0 0.416507 0.199058 0.085686 0.044759
0 0.502399 0.199058 0.078870 0.044759
0 0.074376 0.248528 0.061344 0.044759
0 0.136756 0.248528 0.059396 0.044759
0 0.198177 0.248528 0.055501 0.044759
0 0.084453 0.316843 0.081792 0.044759
0 0.178503 0.316843 0.101266 0.044759
0 0.272553 0.316843 0.081792 0.044759
0 0.344050 0.316843 0.053554 0.044759
0 0.416507 0.316843 0.085686 0.044759
0 0.502399 0.316843 0.078870 0.044759
0 0.074376 0.366313 0.061344 0.044759
0 0.136756 0.366313 0.059396 0.044759
0 0.198177 0.366313 0.055501 0.044759
0 0.084453 0.434629 0.081792 0.044759
0 0.178503 0.434629 0.101266 0.044759
0 0.272553 0.434629 0.081792 0.044759
0 0.344050 0.434629 0.053554 0.044759
0 0.416507 0.434629 0.085686 0.044759
0 0.502399 0.434629 0.078870 0.044759
0 0.074376 0.484099 0.061344 0.044759
0 0.136756 0.484099 0.059396 0.044759
0 0.084453 0.552415 0.081792 0.044759
0 0.141075 0.552415 0.035054 0.044759
0 0.202495 0.552415 0.081792 0.044759
0 0.259117 0.552415 0.035054 0.044759
0 0.306622 0.552415 0.053554 0.044759
0 0.349328 0.552415 0.035054 0.044759
0 0.409309 0.552415 0.078870 0.044759
0 0.463532 0.552415 0.035054 0.044759
0 0.118042 0.626620 0.149951 0.056537
0 0.260557 0.626620 0.131451 0.044759
0 0.378119 0.627208 0.099318 0.036514
0 0.761996 0.204947 0.366115 0.056537
0 0.761996 0.270907 0.366115 0.056537
0 0.618522 0.477032 0.074976 0.044759
0 0.618522 0.520612 0.074976 0.044759
0 0.618522 0.564193 0.074976 0.044759
0 0.618522 0.607774 0.074976 0.044759
0 0.618522 0.651355 0.074976 0.044759
0 0.618522 0.694935 0.074976 0.044759
0 0.607486 0.758539 0.052580 0.044759
0 0.669386 0.758539 0.074976 0.044759
0 0.736564 0.758539 0.063291 0.044759
0 0.598369 0.826855 0.034080 0.044759
0 0.630998 0.826855 0.034080 0.044759
0 0.663628 0.826855 0.034080 0.044759
0 0.696737 0.826855 0.035054 0.044759
0 0.737524 0.826855 0.034080 0.044759
0 0.770154 0.826855 0.034080 0.044759
0 0.802783 0.826855 0.034080 0.044759
0 0.845010 0.826855 0.034080 0.044759
