0 0.079175 0.162544 0.071081 0.047114
0 0.160749 0.162544 0.086660 0.047114
0 0.242802 0.162544 0.072055 0.047114
0 0.307102 0.162544 0.050633 0.047114
0 0.370921 0.162544 0.071081 0.047114
0 0.442898 0.162544 0.067186 0.047114
0 0.508637 0.162544 0.056475 0.047114
0 0.070537 0.214370 0.053554 0.047114
0 0.125240 0.214370 0.049659 0.047114
0 0.079175 0.285041 0.071081 0.047114
0 0.160749 0.285041 0.086660 0.047114
0 0.242802 0.285041 0.072055 0.047114
0 0.307102 0.285041 0.050633 0.047114
0 0.370921 0.285041 0.071081 0.047114
0 0.442898 0.285041 0.067186 0.047114
0 0.508637 0.285041 0.056475 0.047114
0 0.070537 0.336867 0.053554 0.047114
0 0.125240 0.336867 0.049659 0.047114
0 0.079175 0.407538 0.071081 0.047114
0 0.160749 0.407538 0.086660 0.047114
0 0.242802 0.407538 0.072055 0.047114
0 0.307102 0.407538 0.050633 0.047114
0 0.370921 0.407538 0.071081 0.047114
0 0.442898 0.407538 0.067186 0.047114
0 0.508637 0.407538 0.056475 0.047114
0 0.070537 0.459364 0.053554 0.047114
0 0.079175 0.530035 0.071081 0.047114
0 0.129559 0.530035 0.037001 0.047114
0 0.187620 0.530035 0.071081 0.047114
0 0.238964 0.530035 0.037001 0.047114
0 0.285988 0.530035 0.050633 0.047114
0 0.327255 0.530035 0.037001 0.047114
0 0.382438 0.530035 0.067186 0.047114
0 0.431862 0.530035 0.037001 0.047114
0 0.107486 0.606596 0.128530 0.058893
0 0.228887 0.606596 0.110029 0.047114
0 0.327255 0.607185 0.079844 0.038869
0 0.761996 0.168433 0.366115 0.058893
0 0.761996 0.236749 0.366115 0.058893
0 0.614203 0.449941 0.066212 0.047114
0 0.614203 0.494700 0.066212 0.047114
0 0.614203 0.539458 0.066212 0.047114
0 0.614203 0.584217 0.066212 0.047114
0 0.614203 0.628975 0.066212 0.047114
0 0.614203 0.673734 0.066212 0.047114
0 0.916987 0.449941 0.049659 0.047114
0 0.607486 0.739694 0.052580 0.047114
0 0.662188 0.739694 0.064265 0.047114
0 0.720250 0.739694 0.057449 0.047114
0 0.597889 0.810365 0.033106 0.047114
0 0.627639 0.810365 0.033106 0.047114
0 0.658349 0.810365 0.033106 0.047114
0 0.690499 0.810365 0.034080 0.047114
0 0.731766 0.810365 0.034080 0.047114
0 0.763436 0.810365 0.034080 0.047114
0 0.794626 0.810365 0.033106 0.047114
0 0.835893 0.810365 0.035054 0.047114
