0 0.090211 0.161366 0.093476 0.058893
0 0.197217 0.161366 0.115871 0.058893
0 0.306142 0.161366 0.095424 0.058893
0 0.390115 0.161366 0.063291 0.058893
0 0.472649 0.161366 0.096397 0.058893
0 0.088772 0.224971 0.090555 0.058893
0 0.172745 0.224971 0.072055 0.058893
0 0.247601 0.224971 0.070107 0.058893
0 0.320058 0.224971 0.065239 0.058893
0 0.090211 0.307420 0.093476 0.058893
0 0.197217 0.307420 0.115871 0.058893
0 0.306142 0.307420 0.095424 0.058893
0 0.390115 0.307420 0.063291 0.058893
0 0.472649 0.307420 0.096397 0.058893
0 0.088772 0.371025 0.090555 0.058893
0 0.172745 0.371025 0.072055 0.058893
0 0.247601 0.371025 0.070107 0.058893
0 0.320058 0.371025 0.065239 0.058893
0 0.090211 0.453475 0.093476 0.058893
0 0.197217 0.453475 0.115871 0.058893
0 0.306142 0.453475 0.095424 0.058893
0 0.390115 0.453475 0.063291 0.058893
0 0.472649 0.453475 0.096397 0.058893
0 0.088772 0.517079 0.090555 0.058893
0 0.172745 0.517079 0.072055 0.058893
0 0.247601 0.517079 0.070107 0.058893
0 0.090211 0.599529 0.093476 0.058893
0 0.155470 0.599529 0.042843 0.058893
0 0.228407 0.599529 0.095424 0.058893
0 0.295585 0.599529 0.042843 0.058893
0 0.352207 0.599529 0.062317 0.058893
0 0.403071 0.599529 0.042843 0.058893
0 0.088772 0.663133 0.090555 0.058893
0 0.152591 0.663133 0.042843 0.058893
0 0.122361 0.745583 0.158715 0.056537
0 0.276392 0.745583 0.146056 0.058893
0 0.405950 0.744994 0.105161 0.036514
0 0.761996 0.160188 0.366115 0.056537
0 0.761996 0.226148 0.366115 0.056537
0 0.909789 0.413428 0.064265 0.058893
0 0.623800 0.495878 0.085686 0.058893
0 0.623800 0.553592 0.085686 0.058893
0 0.623800 0.611307 0.085686 0.058893
0 0.623800 0.669022 0.085686 0.058893
0 0.623800 0.726737 0.085686 0.058893
0 0.623800 0.784452 0.085686 0.058893
0 0.612284 0.862191 0.062317 0.058893
0 0.683781 0.862191 0.084713 0.058893
0 0.760077 0.862191 0.074002 0.058893
0 0.602687 0.944641 0.042843 0.058893
0 0.643954 0.944641 0.042843 0.058893
0 0.685701 0.944641 0.043817 0.058893
0 0.726488 0.944641 0.042843 0.058893
0 0.776392 0.944641 0.042843 0.058893
0 0.817658 0.944641 0.042843 0.058893
0 0.860365 0.944641 0.043817 0.058893
0 0.909789 0.944641 0.042843 0.058893
