0 0.831094 0.527680 0.070107 0.044759
1 0.722649 0.128386 0.288218 0.056537
1 0.722649 0.252061 0.288218 0.044759
1 0.722649 0.357479 0.288218 0.036514
1 0.716891 0.464075 0.212269 0.044759
1 0.688580 0.527680 0.219085 0.044759
1 0.722649 0.669022 0.288218 0.068316
1 0.722649 0.756184 0.288218 0.068316
2 0.262956 0.295642 0.444012 0.101296
3 0.051823 0.749117 0.015579 0.018846
3 0.051823 0.779741 0.015579 0.018846
3 0.059501 0.889282 0.031159 0.018846
3 0.059501 0.919906 0.031159 0.018846
4 0.262956 0.121319 0.444012 0.115430
