0 0.084453 0.154299 0.081792 0.044759
0 0.178503 0.154299 0.101266 0.044759
0 0.272553 0.154299 0.081792 0.044759
0 0.344050 0.154299 0.053554 0.044759
0 0.416507 0.154299 0.085686 0.044759
0 0.502399 0.154299 0.078870 0.044759
0 0.074376 0.203769 0.061344 0.044759
0 0.136756 0.203769 0.059396 0.044759
0 0.198177 0.203769 0.055501 0.044759
0 0.084453 0.272085 0.081792 0.044759
0 0.178503 0.272085 0.101266 0.044759
0 0.272553 0.272085 0.081792 0.044759
0 0.344050 0.272085 0.053554 0.044759
0 0.416507 0.272085 0.085686 0.044759
0 0.502399 0.272085 0.078870 0.044759
0 0.074376 0.321555 0.061344 0.044759
0 0.136756 0.321555 0.059396 0.044759
0 0.198177 0.321555 0.055501 0.044759
0 0.084453 0.389870 0.081792 0.044759
0 0.178503 0.389870 0.101266 0.044759
0 0.272553 0.389870 0.081792 0.044759
0 0.344050 0.389870 0.053554 0.044759
0 0.416507 0.389870 0.085686 0.044759
0 0.502399 0.389870 0.078870 0.044759
0 0.074376 0.439340 0.061344 0.044759
0 0.136756 0.439340 0.059396 0.044759
0 0.084453 0.507656 0.081792 0.044759
0 0.141075 0.507656 0.035054 0.044759
0 0.202495 0.507656 0.081792 0.044759
0 0.259117 0.507656 0.035054 0.044759
0 0.306622 0.507656 0.053554 0.044759
0 0.349328 0.507656 0.035054 0.044759
0 0.409309 0.507656 0.078870 0.044759
0 0.463532 0.507656 0.035054 0.044759
0 0.118042 0.581861 0.149951 0.056537
0 0.260557 0.581861 0.131451 0.044759
0 0.378119 0.582450 0.099318 0.036514
0 0.761996 0.160188 0.366115 0.056537
0 0.761996 0.226148 0.366115 0.056537
0 0.618522 0.432273 0.074976 0.044759
0 0.618522 0.475854 0.074976 0.044759
0 0.618522 0.519435 0.074976 0.044759
0 0.618522 0.563015 0.074976 0.044759
0 0.618522 0.606596 0.074976 0.044759
0 0.618522 0.650177 0.074976 0.044759
0 0.918426 0.432273 0.046738 0.044759
0 0.607486 0.713781 0.052580 0.044759
0 0.669386 0.713781 0.074976 0.044759
0 0.736564 0.713781 0.063291 0.044759
0 0.598369 0.782097 0.034080 0.044759
0 0.630998 0.782097 0.034080 0.044759
0 0.663628 0.782097 0.034080 0.044759
0 0.696737 0.782097 0.035054 0.044759
0 0.737524 0.782097 0.034080 0.044759
0 0.770154 0.782097 0.034080 0.044759
0 0.802783 0.782097 0.034080 0.044759
0 0.845010 0.782097 0.034080 0.044759
