0 0.827735 0.534747 0.074976 0.044759
1 0.722649 0.135453 0.288218 0.056537
1 0.722649 0.259128 0.288218 0.044759
1 0.722649 0.364547 0.288218 0.036514
1 0.716891 0.471143 0.208374 0.044759
1 0.686180 0.534747 0.214216 0.044759
1 0.722649 0.676090 0.288218 0.068316
1 0.722649 0.763251 0.288218 0.068316
2 0.262956 0.312132 0.444012 0.101296
3 0.051823 0.793875 0.015579 0.018846
3 0.051823 0.824499 0.015579 0.018846
3 0.059501 0.934040 0.031159 0.018846
3 0.059501 0.964664 0.031159 0.018846
4 0.262956 0.133098 0.444012 0.124853
