0 0.083493 0.147232 0.079844 0.044759
0 0.173704 0.147232 0.097371 0.044759
0 0.263436 0.147232 0.078870 0.044759
0 0.330134 0.147232 0.052580 0.044759
0 0.401152 0.147232 0.083739 0.044759
0 0.483205 0.147232 0.076923 0.044759
0 0.073417 0.196702 0.059396 0.044759
0 0.134837 0.196702 0.059396 0.044759
0 0.193378 0.196702 0.053554 0.044759
0 0.083493 0.265018 0.079844 0.044759
0 0.173704 0.265018 0.097371 0.044759
0 0.263436 0.265018 0.078870 0.044759
0 0.330134 0.265018 0.052580 0.044759
0 0.401152 0.265018 0.083739 0.044759
0 0.483205 0.265018 0.076923 0.044759
0 0.073417 0.314488 0.059396 0.044759
0 0.134837 0.314488 0.059396 0.044759
0 0.193378 0.314488 0.053554 0.044759
0 0.083493 0.382803 0.079844 0.044759
0 0.173704 0.382803 0.097371 0.044759
0 0.263436 0.382803 0.078870 0.044759
0 0.330134 0.382803 0.052580 0.044759
0 0.401152 0.382803 0.083739 0.044759
0 0.483205 0.382803 0.076923 0.044759
0 0.073417 0.432273 0.059396 0.044759
0 0.134837 0.432273 0.059396 0.044759
0 0.083493 0.500589 0.079844 0.044759
0 0.139155 0.500589 0.035054 0.044759
0 0.197217 0.500589 0.078870 0.044759
0 0.252399 0.500589 0.035054 0.044759
0 0.298464 0.500589 0.052580 0.044759
0 0.340691 0.500589 0.035054 0.044759
0 0.397313 0.500589 0.075949 0.044759
0 0.452015 0.500589 0.035054 0.044759
0 0.114683 0.574794 0.143135 0.056537
0 0.249040 0.574794 0.125609 0.044759
0 0.360845 0.575383 0.093476 0.036514
0 0.761996 0.153121 0.366115 0.056537
0 0.761996 0.219081 0.366115 0.056537
0 0.617562 0.425206 0.073028 0.044759
0 0.617562 0.468787 0.073028 0.044759
0 0.617562 0.512367 0.073028 0.044759
0 0.617562 0.555948 0.073028 0.044759
0 0.617562 0.599529 0.073028 0.044759
0 0.617562 0.643110 0.073028 0.044759
0 0.607486 0.706714 0.052580 0.044759
0 0.667466 0.706714 0.073028 0.044759
0 0.732726 0.706714 0.061344 0.044759
0 0.598369 0.775029 0.034080 0.044759
0 0.631478 0.775029 0.035054 0.044759
0 0.663628 0.775029 0.034080 0.044759
0 0.696257 0.775029 0.034080 0.044759
0 0.738484 0.775029 0.034080 0.044759
0 0.771593 0.775029 0.035054 0.044759
0 0.803743 0.775029 0.034080 0.044759
0 0.845010 0.775029 0.034080 0.044759
