0 0.083973 0.147232 0.080818 0.044759
0 0.175624 0.147232 0.099318 0.044759
0 0.266315 0.147232 0.078870 0.044759
0 0.336372 0.147232 0.053554 0.044759
0 0.406910 0.147232 0.083739 0.044759
0 0.490883 0.147232 0.076923 0.044759
0 0.074376 0.196702 0.061344 0.044759
0 0.136276 0.196702 0.058423 0.044759
0 0.195777 0.196702 0.054528 0.044759
0 0.083973 0.265018 0.080818 0.044759
0 0.175624 0.265018 0.099318 0.044759
0 0.266315 0.265018 0.078870 0.044759
0 0.336372 0.265018 0.053554 0.044759
0 0.406910 0.265018 0.083739 0.044759
0 0.490883 0.265018 0.076923 0.044759
0 0.074376 0.314488 0.061344 0.044759
0 0.136276 0.314488 0.058423 0.044759
0 0.195777 0.314488 0.054528 0.044759
0 0.083973 0.382803 0.080818 0.044759
0 0.175624 0.382803 0.099318 0.044759
0 0.266315 0.382803 0.078870 0.044759
0 0.336372 0.382803 0.053554 0.044759
0 0.406910 0.382803 0.083739 0.044759
0 0.490883 0.382803 0.076923 0.044759
0 0.074376 0.432273 0.061344 0.044759
0 0.136276 0.432273 0.058423 0.044759
0 0.083973 0.500589 0.080818 0.044759
0 0.139155 0.500589 0.035054 0.044759
0 0.198656 0.500589 0.079844 0.044759
0 0.254319 0.500589 0.035054 0.044759
0 0.300864 0.500589 0.053554 0.044759
0 0.344530 0.500589 0.035054 0.044759
0 0.402591 0.500589 0.076923 0.044759
0 0.456814 0.500589 0.035054 0.044759
0 0.117083 0.574794 0.148004 0.056537
0 0.257198 0.574794 0.130477 0.044759
0 0.373800 0.575383 0.096397 0.036514
0 0.761996 0.153121 0.366115 0.056537
0 0.761996 0.219081 0.366115 0.056537
0 0.618522 0.425206 0.074976 0.044759
0 0.618522 0.468787 0.074976 0.044759
0 0.618522 0.512367 0.074976 0.044759
0 0.618522 0.555948 0.074976 0.044759
0 0.618522 0.599529 0.074976 0.044759
0 0.618522 0.643110 0.074976 0.044759
0 0.918426 0.425206 0.046738 0.044759
0 0.608445 0.706714 0.054528 0.044759
0 0.669866 0.706714 0.074002 0.044759
0 0.736564 0.706714 0.063291 0.044759
0 0.598369 0.775029 0.034080 0.044759
0 0.630998 0.775029 0.034080 0.044759
0 0.663628 0.775029 0.034080 0.044759
0 0.696257 0.775029 0.034080 0.044759
0 0.737524 0.775029 0.034080 0.044759
0 0.770154 0.775029 0.034080 0.044759
0 0.802783 0.775029 0.034080 0.044759
0 0.844050 0.775029 0.034080 0.044759
