0 0.828695 0.527680 0.074976 0.044759
1 0.722649 0.128386 0.288218 0.056537
1 0.722649 0.252061 0.288218 0.044759
1 0.722649 0.357479 0.288218 0.036514
1 0.717370 0.464075 0.209348 0.044759
1 0.686180 0.527680 0.214216 0.044759
1 0.722649 0.669022 0.288218 0.068316
1 0.722649 0.756184 0.288218 0.068316
2 0.262956 0.287397 0.444012 0.101296
3 0.051823 0.769140 0.015579 0.018846
3 0.051823 0.799764 0.015579 0.018846
3 0.059501 0.909305 0.031159 0.018846
3 0.059501 0.939929 0.031159 0.018846
4 0.262956 0.117197 0.444012 0.107185
