0 0.082534 0.146054 0.077897 0.042403
0 0.170825 0.146054 0.095424 0.042403
0 0.258637 0.146054 0.076923 0.042403
0 0.323417 0.146054 0.050633 0.042403
0 0.392514 0.146054 0.081792 0.042403
0 0.472649 0.146054 0.074976 0.042403
0 0.072457 0.193168 0.057449 0.042403
0 0.131958 0.193168 0.057449 0.042403
0 0.188580 0.193168 0.051607 0.042403
0 0.082534 0.259128 0.077897 0.042403
0 0.170825 0.259128 0.095424 0.042403
0 0.258637 0.259128 0.076923 0.042403
0 0.323417 0.259128 0.050633 0.042403
0 0.392514 0.259128 0.081792 0.042403
0 0.472649 0.259128 0.074976 0.042403
0 0.072457 0.306243 0.057449 0.042403
0 0.131958 0.306243 0.057449 0.042403
0 0.188580 0.306243 0.051607 0.042403
0 0.084453 0.374558 0.081792 0.047114
0 0.176583 0.374558 0.099318 0.047114
0 0.268234 0.374558 0.080818 0.047114
0 0.336852 0.374558 0.054528 0.047114
0 0.409789 0.374558 0.085686 0.047114
0 0.493762 0.374558 0.078870 0.047114
0 0.074376 0.426384 0.061344 0.047114
0 0.137716 0.426384 0.061344 0.047114
0 0.082534 0.494700 0.077897 0.042403
0 0.137236 0.494700 0.033106 0.042403
0 0.193378 0.494700 0.076923 0.042403
0 0.247601 0.494700 0.033106 0.042403
0 0.291747 0.494700 0.050633 0.042403
0 0.333013 0.494700 0.033106 0.042403
0 0.387716 0.494700 0.074002 0.042403
0 0.441459 0.494700 0.033106 0.042403
0 0.113724 0.566549 0.141188 0.054181
0 0.246161 0.566549 0.123661 0.042403
0 0.356046 0.567138 0.091529 0.034158
0 0.761996 0.151943 0.366115 0.054181
0 0.761996 0.215548 0.366115 0.054181
0 0.616603 0.419317 0.071081 0.042403
0 0.616603 0.461720 0.071081 0.042403
0 0.616603 0.504122 0.071081 0.042403
0 0.616603 0.546525 0.071081 0.042403
0 0.616603 0.588928 0.071081 0.042403
0 0.616603 0.631331 0.071081 0.042403
0 0.920345 0.419317 0.044791 0.042403
0 0.606526 0.692580 0.050633 0.042403
0 0.665547 0.692580 0.071081 0.042403
0 0.729846 0.692580 0.059396 0.042403
0 0.597409 0.758539 0.032132 0.042403
0 0.629559 0.758539 0.033106 0.042403
0 0.660749 0.758539 0.032132 0.042403
0 0.692418 0.758539 0.032132 0.042403
0 0.732726 0.758539 0.032132 0.042403
0 0.764875 0.758539 0.033106 0.042403
0 0.796065 0.758539 0.032132 0.042403
0 0.835413 0.758539 0.032132 0.042403
