0 0.079175 0.147232 0.071081 0.044759
0 0.162668 0.147232 0.090555 0.044759
0 0.248081 0.147232 0.073028 0.044759
0 0.309981 0.147232 0.044791 0.044759
0 0.373321 0.147232 0.075949 0.044759
0 0.448656 0.147232 0.069133 0.044759
0 0.511036 0.147232 0.051607 0.044759
0 0.069098 0.196702 0.050633 0.044759
0 0.120441 0.196702 0.047712 0.044759
0 0.079175 0.265018 0.071081 0.044759
0 0.162668 0.265018 0.090555 0.044759
0 0.248081 0.265018 0.073028 0.044759
0 0.309981 0.265018 0.044791 0.044759
0 0.373321 0.265018 0.075949 0.044759
0 0.448656 0.265018 0.069133 0.044759
0 0.511036 0.265018 0.051607 0.044759
0 0.069098 0.314488 0.050633 0.044759
0 0.120441 0.314488 0.047712 0.044759
0 0.079175 0.382803 0.071081 0.044759
0 0.162668 0.382803 0.090555 0.044759
0 0.248081 0.382803 0.073028 0.044759
0 0.309981 0.382803 0.044791 0.044759
0 0.373321 0.382803 0.075949 0.044759
0 0.448656 0.382803 0.069133 0.044759
0 0.511036 0.382803 0.051607 0.044759
0 0.069098 0.432273 0.050633 0.044759
0 0.079175 0.500589 0.071081 0.044759
0 0.126679 0.500589 0.027264 0.044759
0 0.179942 0.500589 0.073028 0.044759
0 0.228407 0.500589 0.027264 0.044759
0 0.266795 0.500589 0.044791 0.044759
0 0.301344 0.500589 0.027264 0.044759
0 0.352687 0.500589 0.069133 0.044759
0 0.398273 0.500589 0.027264 0.044759
0 0.116123 0.574794 0.146056 0.056537
0 0.250480 0.574794 0.118793 0.044759
0 0.359405 0.575383 0.094450 0.036514
0 0.761996 0.153121 0.366115 0.056537
0 0.761996 0.219081 0.366115 0.056537
0 0.613724 0.425206 0.065239 0.044759
0 0.613724 0.468787 0.065239 0.044759
0 0.613724 0.512367 0.065239 0.044759
0 0.613724 0.555948 0.065239 0.044759
0 0.613724 0.599529 0.065239 0.044759
0 0.613724 0.643110 0.065239 0.044759
0 0.922265 0.425206 0.038948 0.044759
0 0.603167 0.706714 0.043817 0.044759
0 0.655950 0.706714 0.065239 0.044759
0 0.713052 0.706714 0.052580 0.044759
0 0.594530 0.775029 0.026290 0.044759
0 0.619482 0.775029 0.026290 0.044759
0 0.644434 0.775029 0.026290 0.044759
0 0.669866 0.775029 0.027264 0.044759
0 0.702975 0.775029 0.026290 0.044759
0 0.727927 0.775029 0.026290 0.044759
0 0.752879 0.775029 0.026290 0.044759
0 0.786468 0.775029 0.026290 0.044759
