0 0.085413 0.187868 0.083739 0.045936
0 0.181382 0.187868 0.103213 0.045936
0 0.279271 0.187868 0.087634 0.045936
0 0.355566 0.187868 0.057449 0.045936
0 0.431382 0.187868 0.086660 0.045936
0 0.083973 0.238516 0.080818 0.045936
0 0.160269 0.238516 0.066212 0.045936
0 0.228407 0.238516 0.064265 0.045936
0 0.293186 0.238516 0.059396 0.045936
0 0.085413 0.308009 0.083739 0.045936
0 0.181382 0.308009 0.103213 0.045936
0 0.279271 0.308009 0.087634 0.045936
0 0.355566 0.308009 0.057449 0.045936
0 0.431382 0.308009 0.086660 0.045936
0 0.083973 0.358657 0.080818 0.045936
0 0.160269 0.358657 0.066212 0.045936
0 0.228407 0.358657 0.064265 0.045936
0 0.293186 0.358657 0.059396 0.045936
0 0.085413 0.428151 0.083739 0.045936
0 0.181382 0.428151 0.103213 0.045936
0 0.279271 0.428151 0.087634 0.045936
0 0.355566 0.428151 0.057449 0.045936
0 0.431382 0.428151 0.086660 0.045936
0 0.083973 0.478799 0.080818 0.045936
0 0.160269 0.478799 0.066212 0.045936
0 0.228407 0.478799 0.064265 0.045936
0 0.085413 0.548292 0.083739 0.045936
0 0.144914 0.548292 0.040896 0.045936
0 0.213052 0.548292 0.087634 0.045936
0 0.276392 0.548292 0.040896 0.045936
0 0.328695 0.548292 0.057449 0.045936
0 0.377159 0.548292 0.040896 0.045936
0 0.441939 0.548292 0.080818 0.045936
0 0.500000 0.548292 0.040896 0.045936
0 0.119482 0.623086 0.152872 0.056537
0 0.260077 0.622497 0.126582 0.045936
0 0.376200 0.622497 0.099318 0.036514
0 0.761996 0.193168 0.366115 0.056537
0 0.761996 0.259128 0.366115 0.056537
0 0.619482 0.468198 0.076923 0.045936
0 0.619482 0.512956 0.076923 0.045936
0 0.619482 0.557715 0.076923 0.045936
0 0.619482 0.602473 0.076923 0.045936
0 0.619482 0.647232 0.076923 0.045936
0 0.619482 0.691991 0.076923 0.045936
0 0.610845 0.756773 0.059396 0.045936
0 0.676104 0.756773 0.076923 0.045936
0 0.746161 0.756773 0.067186 0.045936
0 0.601248 0.826266 0.039922 0.045936
0 0.639155 0.826266 0.040896 0.045936
0 0.679942 0.826266 0.041870 0.045936
0 0.720250 0.826266 0.041870 0.045936
0 0.769194 0.826266 0.041870 0.045936
0 0.809501 0.826266 0.041870 0.045936
0 0.849328 0.826266 0.040896 0.045936
0 0.897793 0.826266 0.041870 0.045936
